Timestamp: 20250405_162905
Position: -0.151230, -0.103660, 0.676411
Orientation: 0.000000, -3.141593, 3.141593
